3
"reco p_{p}" "GeV/c" "reco $p_{p}$" "GeV$/c$"
"reco cos#theta_{p}" "" "reco $\cos\theta_{p}$" ""
"reco bin number" "" "reco bin number" ""
13
"events"
1 1 3 -1 0 1
1 0 0.25 0.325
2
0 1 1
1 1 2
"events"
1 1 6 -1 -0.5 0 0.5 0.8 1
1 0 0.325 0.4
5
2 1 1
3 1 2
4 1 3
5 1 4
6 1 5
"events"
1 1 8 -1 -0.6 -0.2 0.2 0.5 0.65 0.85 1
1 0 0.4 0.5
7
7 1 1
8 1 2
9 1 3
10 1 4
11 1 5
12 1 6
13 1 7
"events"
1 1 9 -1 -0.2 0.2 0.4 0.6 0.7 0.8 0.9 1
1 0 0.5 0.6
8
14 1 1
15 1 2
16 1 3
17 1 4
18 1 5
19 1 6
20 1 7
21 1 8
"events"
1 1 9 -1 0.1 0.37 0.5 0.6 0.7 0.8 0.9 1
1 0 0.6 0.7
8
22 1 1
23 1 2
24 1 3
25 1 4
26 1 5
27 1 6
28 1 7
29 1 8
"events"
1 1 7 -1 0.45 0.65 0.75 0.82 0.9 1
1 0 0.7 1
6
30 1 1
31 1 2
32 1 3
33 1 4
34 1 5
35 1 6
"events"
1 2 37 0 1 2 3 4 5 6 7 8 9 10 11 12 13 14 15 16 17 18 19 20 21 22 23 24 25 26 27 28 29 30 31 32 33 34 35 36
0
36
0 1 1
1 1 2
2 1 3
3 1 4
4 1 5
5 1 6
6 1 7
7 1 8
8 1 9
9 1 10
10 1 11
11 1 12
12 1 13
13 1 14
14 1 15
15 1 16
16 1 17
17 1 18
18 1 19
19 1 20
20 1 21
21 1 22
22 1 23
23 1 24
24 1 25
25 1 26
26 1 27
27 1 28
28 1 29
29 1 30
30 1 31
31 1 32
32 1 33
33 1 34
34 1 35
35 1 36
"events"
1 0 7 0.25 0.325 0.4 0.5 0.6 0.7 1
0
36
0 1 1
1 1 1
2 1 2
3 1 2
4 1 2
5 1 2
6 1 2
7 1 3
8 1 3
9 1 3
10 1 3
11 1 3
12 1 3
13 1 3
14 1 4
15 1 4
16 1 4
17 1 4
18 1 4
19 1 4
20 1 4
21 1 4
22 1 5
23 1 5
24 1 5
25 1 5
26 1 5
27 1 5
28 1 5
29 1 5
30 1 6
31 1 6
32 1 6
33 1 6
34 1 6
35 1 6
"events"
1 1 2 -1.0 1.0
1 0 0.25 1
36
0 1 1
1 1 1
2 1 1
3 1 1
4 1 1
5 1 1
6 1 1
7 1 1
8 1 1
9 1 1
10 1 1
11 1 1
12 1 1
13 1 1
14 1 1
15 1 1
16 1 1
17 1 1
18 1 1
19 1 1
20 1 1
21 1 1
22 1 1
23 1 1
24 1 1
25 1 1
26 1 1
27 1 1
28 1 1
29 1 1
30 1 1
31 1 1
32 1 1
33 1 1
34 1 1
35 1 1
"events"
1 2 19 36 37 38 39 40 41 42 43 44 45 46 47 48 49 50 51 52 53 54
0
18
36 1 1
37 1 2
38 1 3
39 1 4
40 1 5
41 1 6
42 1 7
43 1 8
44 1 9
45 1 10
46 1 11
47 1 12
48 1 13
49 1 14
50 1 15
51 1 16
52 1 17
53 1 18
"events"
1 0 7 0.25 0.325 0.4 0.5 0.6 0.7 1
0
6
36 1 1
37 1 2
38 1 3
39 1 4
40 1 5
41 1 6
"events"
1 0 7 0.25 0.325 0.4 0.5 0.6 0.7 1
0
6
42 1 1
43 1 2
44 1 3
45 1 4
46 1 5
47 1 6
"events"
1 0 7 0.25 0.325 0.4 0.5 0.6 0.7 1
0
6
48 1 1
49 1 2
50 1 3
51 1 4
52 1 5
53 1 6
