11
"p_{#mu}" "GeV" "p_{\mu}" "\text{GeV}"
"cos#theta_{#mu}" "" "\cos\theta_{\mu}" ""
"p_{p}" "GeV" "p_{p}" "\text{GeV}"
"cos#theta_{p}" "" "\cos\theta_{p}" ""
"#deltap_{T}" "GeV" "\delta p_{T}" "\text{GeV}"
"#delta#alpha_{T}" "deg" "\delta\alpha_{T}" "\text{deg}"
"#deltap_{Tx}" "GeV" "\delta p_{T_x}" "\text{GeV}"
"#deltap_{Ty}" "GeV" "\delta p_{T_y}" "\text{GeV}"
"p_{n}" "GeV" "p_{n}" "\text{GeV}"
"cos#theta_{#mu}" "" "\cos\theta_{\mu}" ""
"bin number" "" "\text{ bin number}" ""
43
"events"
1 1 8 -1 -0.55 -0.25 0 0.25 0.45 0.7 1
1 0 0.1 0.24
7
0 1 1
1 1 2
2 1 3
3 1 4
4 1 5
5 1 6
6 1 7
"events"
1 1 8 -1 -0.55 -0.25 0 0.25 0.45 0.7 1
1 0 0.24 0.3
7
7 1 1
8 1 2
9 1 3
10 1 4
11 1 5
12 1 6
13 1 7
"events"
1 1 9 -1 -0.4 -0.1 0.1 0.35 0.5 0.7 0.85 1
1 0 0.3 0.38
8
14 1 1
15 1 2
16 1 3
17 1 4
18 1 5
19 1 6
20 1 7
21 1 8
"events"
1 1 7 -1 0 0.5 0.65 0.8 0.92 1
1 0 0.38 0.48
6
22 1 1
23 1 2
24 1 3
25 1 4
26 1 5
27 1 6
"events"
1 1 8 -1 0.2 0.5 0.65 0.8 0.875 0.95 1
1 0 0.48 0.7
7
28 1 1
29 1 2
30 1 3
31 1 4
32 1 5
33 1 6
34 1 7
"events"
1 1 6 -1 0.65 0.8 0.875 0.95 1
1 0 0.7 0.85
5
35 1 1
36 1 2
37 1 3
38 1 4
39 1 5
"events"
1 1 5 -1 0.85 0.9 0.95 1
1 0 0.85 1.2
4
40 1 1
41 1 2
42 1 3
43 1 4
"events"
1 0 8 0.1 0.24 0.3 0.38 0.48 0.7 0.85 1.2
0
44
0 1 1
1 1 1
2 1 1
3 1 1
4 1 1
5 1 1
6 1 1
7 1 2
8 1 2
9 1 2
10 1 2
11 1 2
12 1 2
13 1 2
14 1 3
15 1 3
16 1 3
17 1 3
18 1 3
19 1 3
20 1 3
21 1 3
22 1 4
23 1 4
24 1 4
25 1 4
26 1 4
27 1 4
28 1 5
29 1 5
30 1 5
31 1 5
32 1 5
33 1 5
34 1 5
35 1 6
36 1 6
37 1 6
38 1 6
39 1 6
40 1 7
41 1 7
42 1 7
43 1 7
"events"
1 10 45 0 1 2 3 4 5 6 7 8 9 10 11 12 13 14 15 16 17 18 19 20 21 22 23 24 25 26 27 28 29 30 31 32 33 34 35 36 37 38 39 40 41 42 43 44
0
44
0 1 1
1 1 2
2 1 3
3 1 4
4 1 5
5 1 6
6 1 7
7 1 8
8 1 9
9 1 10
10 1 11
11 1 12
12 1 13
13 1 14
14 1 15
15 1 16
16 1 17
17 1 18
18 1 19
19 1 20
20 1 21
21 1 22
22 1 23
23 1 24
24 1 25
25 1 26
26 1 27
27 1 28
28 1 29
29 1 30
30 1 31
31 1 32
32 1 33
33 1 34
34 1 35
35 1 36
36 1 37
37 1 38
38 1 39
39 1 40
40 1 41
41 1 42
42 1 43
43 1 44
"events"
1 3 3 -1 0 1
1 2 0.25 0.325
2
44 1 1
45 1 2
"events"
1 3 6 -1 -0.5 0 0.5 0.8 1
1 2 0.325 0.4
5
46 1 1
47 1 2
48 1 3
49 1 4
50 1 5
"events"
1 3 8 -1 -0.6 -0.2 0.2 0.5 0.65 0.85 1
1 2 0.4 0.5
7
51 1 1
52 1 2
53 1 3
54 1 4
55 1 5
56 1 6
57 1 7
"events"
1 3 9 -1 -0.2 0.2 0.4 0.6 0.7 0.8 0.9 1
1 2 0.5 0.6
8
58 1 1
59 1 2
60 1 3
61 1 4
62 1 5
63 1 6
64 1 7
65 1 8
"events"
1 3 9 -1 0.1 0.37 0.5 0.6 0.7 0.8 0.9 1
1 2 0.6 0.7
8
66 1 1
67 1 2
68 1 3
69 1 4
70 1 5
71 1 6
72 1 7
73 1 8
"events"
1 3 7 -1 0.45 0.65 0.75 0.82 0.9 1
1 2 0.7 1
6
74 1 1
75 1 2
76 1 3
77 1 4
78 1 5
79 1 6
"events"
1 2 7 0.25 0.325 0.4 0.5 0.6 0.7 1
0
36
44 1 1
45 1 1
46 1 2
47 1 2
48 1 2
49 1 2
50 1 2
51 1 3
52 1 3
53 1 3
54 1 3
55 1 3
56 1 3
57 1 3
58 1 4
59 1 4
60 1 4
61 1 4
62 1 4
63 1 4
64 1 4
65 1 4
66 1 5
67 1 5
68 1 5
69 1 5
70 1 5
71 1 5
72 1 5
73 1 5
74 1 6
75 1 6
76 1 6
77 1 6
78 1 6
79 1 6
"events"
1 10 37 44 45 46 47 48 49 50 51 52 53 54 55 56 57 58 59 60 61 62 63 64 65 66 67 68 69 70 71 72 73 74 75 76 77 78 79 80
0
36
44 1 1
45 1 2
46 1 3
47 1 4
48 1 5
49 1 6
50 1 7
51 1 8
52 1 9
53 1 10
54 1 11
55 1 12
56 1 13
57 1 14
58 1 15
59 1 16
60 1 17
61 1 18
62 1 19
63 1 20
64 1 21
65 1 22
66 1 23
67 1 24
68 1 25
69 1 26
70 1 27
71 1 28
72 1 29
73 1 30
74 1 31
75 1 32
76 1 33
77 1 34
78 1 35
79 1 36
"events"
1 3 2 -1 1
1 2 0.25 1
36
44 1 1
45 1 1
46 1 1
47 1 1
48 1 1
49 1 1
50 1 1
51 1 1
52 1 1
53 1 1
54 1 1
55 1 1
56 1 1
57 1 1
58 1 1
59 1 1
60 1 1
61 1 1
62 1 1
63 1 1
64 1 1
65 1 1
66 1 1
67 1 1
68 1 1
69 1 1
70 1 1
71 1 1
72 1 1
73 1 1
74 1 1
75 1 1
76 1 1
77 1 1
78 1 1
79 1 1
"events"
1 4 14 0 0.05 0.1 0.15 0.2 0.25 0.3 0.35 0.4 0.47 0.55 0.65 0.75 0.9
0
13
80 1 1
81 1 2
82 1 3
83 1 4
84 1 5
85 1 6
86 1 7
87 1 8
88 1 9
89 1 10
90 1 11
91 1 12
92 1 13
"events"
1 5 2 0 180
1 4 0.9 0.9
1
93 1 1
"events"
1 5 2 0 180
0
14
80 1 1
81 1 1
82 1 1
83 1 1
84 1 1
85 1 1
86 1 1
87 1 1
88 1 1
89 1 1
90 1 1
91 1 1
92 1 1
93 1 1
"events"
1 4 8 0 0.06 0.12 0.18 0.24 0.32 0.4 0.48
1 5 0 45
7
94 1 1
95 1 2
96 1 3
97 1 4
98 1 5
99 1 6
100 1 7
"events"
1 4 9 0 0.06 0.12 0.18 0.24 0.32 0.4 0.48 0.55
1 5 45 90
8
102 1 1
103 1 2
104 1 3
105 1 4
106 1 5
107 1 6
108 1 7
109 1 8
"events"
1 4 11 0 0.06 0.12 0.18 0.24 0.32 0.4 0.48 0.55 0.63 0.7
1 5 90 135
10
111 1 1
112 1 2
113 1 3
114 1 4
115 1 5
116 1 6
117 1 7
118 1 8
119 1 9
120 1 10
"events"
1 4 11 0 0.06 0.12 0.18 0.24 0.32 0.4 0.5 0.6 0.72 0.9
1 5 135 180
10
122 1 1
123 1 2
124 1 3
125 1 4
126 1 5
127 1 6
128 1 7
129 1 8
130 1 9
131 1 10
"events"
1 10 40 94 95 96 97 98 99 100 101 102 103 104 105 106 107 108 109 110 111 112 113 114 115 116 117 118 119 120 121 122 123 124 125 126 127 128 129 130 131 132 133
0
39
94 1 1
95 1 2
96 1 3
97 1 4
98 1 5
99 1 6
100 1 7
101 1 8
102 1 9
103 1 10
104 1 11
105 1 12
106 1 13
107 1 14
108 1 15
109 1 16
110 1 17
111 1 18
112 1 19
113 1 20
114 1 21
115 1 22
116 1 23
117 1 24
118 1 25
119 1 26
120 1 27
121 1 28
122 1 29
123 1 30
124 1 31
125 1 32
126 1 33
127 1 34
128 1 35
129 1 36
130 1 37
131 1 38
132 1 39
"events"
1 5 8 0 25 60 95 120 145 165 180
0
28
133 1 1
134 1 2
135 1 3
136 1 4
137 1 5
138 1 6
139 1 7
140 1 1
141 1 2
142 1 3
143 1 4
144 1 5
145 1 6
146 1 7
147 1 1
148 1 2
149 1 3
150 1 4
151 1 5
152 1 6
153 1 7
154 1 1
155 1 2
156 1 3
157 1 4
158 1 5
159 1 6
160 1 7
"events"
1 5 8 0 25 60 95 120 145 165 180
1 4 0 0.2
7
133 1 1
134 1 2
135 1 3
136 1 4
137 1 5
138 1 6
139 1 7
"events"
1 5 8 0 25 60 95 120 145 165 180
1 4 0.2 0.3
7
140 1 1
141 1 2
142 1 3
143 1 4
144 1 5
145 1 6
146 1 7
"events"
1 5 8 0 25 60 95 120 145 165 180
1 4 0.3 0.4
7
147 1 1
148 1 2
149 1 3
150 1 4
151 1 5
152 1 6
153 1 7
"events"
1 5 8 0 25 60 95 120 145 165 180
1 4 0.4 0.4
7
154 1 1
155 1 2
156 1 3
157 1 4
158 1 5
159 1 6
160 1 7
"events"
1 10 29 133 134 135 136 137 138 139 140 141 142 143 144 145 146 147 148 149 150 151 152 153 154 155 156 157 158 159 160 161
0
28
133 1 1
134 1 2
135 1 3
136 1 4
137 1 5
138 1 6
139 1 7
140 1 8
141 1 9
142 1 10
143 1 11
144 1 12
145 1 13
146 1 14
147 1 15
148 1 16
149 1 17
150 1 18
151 1 19
152 1 20
153 1 21
154 1 22
155 1 23
156 1 24
157 1 25
158 1 26
159 1 27
160 1 28
"events"
1 6 12 -0.55 -0.45 -0.35 -0.25 -0.15 -0.05 0.05 0.15 0.25 0.35 0.45 0.55
0
11
162 1 1
163 1 2
164 1 3
165 1 4
166 1 5
167 1 6
168 1 7
169 1 8
170 1 9
171 1 10
172 1 11
"events"
1 6 13 -0.6 -0.45 -0.35 -0.25 -0.15 -0.075 0 0.075 0.15 0.25 0.35 0.45 0.6
1 7 -1.79769e+308 -0.15
12
175 1 1
176 1 2
177 1 3
178 1 4
179 1 5
180 1 6
181 1 7
182 1 8
183 1 9
184 1 10
185 1 11
186 1 12
"events"
1 6 13 -0.6 -0.45 -0.35 -0.25 -0.15 -0.075 0 0.075 0.15 0.25 0.35 0.45 0.6
1 7 -0.15 0.15
12
189 1 1
190 1 2
191 1 3
192 1 4
193 1 5
194 1 6
195 1 7
196 1 8
197 1 9
198 1 10
199 1 11
200 1 12
"events"
1 6 9 -0.4 -0.3 -0.2 -0.1 0 0.1 0.2 0.3 0.4
1 7 0.15 1.79769e+308
8
203 1 1
204 1 2
205 1 3
206 1 4
207 1 5
208 1 6
209 1 7
210 1 8
"events"
1 10 39 174 175 176 177 178 179 180 181 182 183 184 185 186 187 188 189 190 191 192 193 194 195 196 197 198 199 200 201 202 203 204 205 206 207 208 209 210 211 212
0
38
174 1 1
175 1 2
176 1 3
177 1 4
178 1 5
179 1 6
180 1 7
181 1 8
182 1 9
183 1 10
184 1 11
185 1 12
186 1 13
187 1 14
188 1 15
189 1 16
190 1 17
191 1 18
192 1 19
193 1 20
194 1 21
195 1 22
196 1 23
197 1 24
198 1 25
199 1 26
200 1 27
201 1 28
202 1 29
203 1 30
204 1 31
205 1 32
206 1 33
207 1 34
208 1 35
209 1 36
210 1 37
211 1 38
"events"
1 8 11 0 0.07 0.14 0.2 0.3 0.4 0.47 0.55 0.65 0.75 0.85
0
10
212 1 1
213 1 2
214 1 3
215 1 4
216 1 5
217 1 6
218 1 7
219 1 8
220 1 9
221 1 10
"events"
1 1 19 -1 -0.85 -0.7 -0.57 -0.45 -0.32 -0.2 -0.1 0 0.1 0.2 0.3 0.4 0.5 0.6 0.72 0.84 0.95 1
0
18
223 1 1
224 1 2
225 1 3
226 1 4
227 1 5
228 1 6
229 1 7
230 1 8
231 1 9
232 1 10
233 1 11
234 1 12
235 1 13
236 1 14
237 1 15
238 1 16
239 1 17
240 1 18
"events"
1 3 12 -1 -0.73 -0.43 -0.18 0.05 0.2 0.37 0.54 0.7 0.8 0.9 1
0
11
241 1 1
242 1 2
243 1 3
244 1 4
245 1 5
246 1 6
247 1 7
248 1 8
249 1 9
250 1 10
251 1 11
"events"
1 2 11 0.3 0.38 0.45 0.5 0.55 0.625 0.7 0.75 0.8 0.87 1
0
10
252 1 1
253 1 2
254 1 3
255 1 4
256 1 5
257 1 6
258 1 7
259 1 8
260 1 9
261 1 10
"events"
1 0 11 0.1 0.2 0.3 0.4 0.5 0.64 0.77 0.9 1 1.1 1.2
0
10
262 1 1
263 1 2
264 1 3
265 1 4
266 1 5
267 1 6
268 1 7
269 1 8
270 1 9
271 1 10
"events"
1 10 273 0 1 2 3 4 5 6 7 8 9 10 11 12 13 14 15 16 17 18 19 20 21 22 23 24 25 26 27 28 29 30 31 32 33 34 35 36 37 38 39 40 41 42 43 44 45 46 47 48 49 50 51 52 53 54 55 56 57 58 59 60 61 62 63 64 65 66 67 68 69 70 71 72 73 74 75 76 77 78 79 80 81 82 83 84 85 86 87 88 89 90 91 92 93 94 95 96 97 98 99 100 101 102 103 104 105 106 107 108 109 110 111 112 113 114 115 116 117 118 119 120 121 122 123 124 125 126 127 128 129 130 131 132 133 134 135 136 137 138 139 140 141 142 143 144 145 146 147 148 149 150 151 152 153 154 155 156 157 158 159 160 161 162 163 164 165 166 167 168 169 170 171 172 173 174 175 176 177 178 179 180 181 182 183 184 185 186 187 188 189 190 191 192 193 194 195 196 197 198 199 200 201 202 203 204 205 206 207 208 209 210 211 212 213 214 215 216 217 218 219 220 221 222 223 224 225 226 227 228 229 230 231 232 233 234 235 236 237 238 239 240 241 242 243 244 245 246 247 248 249 250 251 252 253 254 255 256 257 258 259 260 261 262 263 264 265 266 267 268 269 270 271 272
0
272
0 1 1
1 1 2
2 1 3
3 1 4
4 1 5
5 1 6
6 1 7
7 1 8
8 1 9
9 1 10
10 1 11
11 1 12
12 1 13
13 1 14
14 1 15
15 1 16
16 1 17
17 1 18
18 1 19
19 1 20
20 1 21
21 1 22
22 1 23
23 1 24
24 1 25
25 1 26
26 1 27
27 1 28
28 1 29
29 1 30
30 1 31
31 1 32
32 1 33
33 1 34
34 1 35
35 1 36
36 1 37
37 1 38
38 1 39
39 1 40
40 1 41
41 1 42
42 1 43
43 1 44
44 1 45
45 1 46
46 1 47
47 1 48
48 1 49
49 1 50
50 1 51
51 1 52
52 1 53
53 1 54
54 1 55
55 1 56
56 1 57
57 1 58
58 1 59
59 1 60
60 1 61
61 1 62
62 1 63
63 1 64
64 1 65
65 1 66
66 1 67
67 1 68
68 1 69
69 1 70
70 1 71
71 1 72
72 1 73
73 1 74
74 1 75
75 1 76
76 1 77
77 1 78
78 1 79
79 1 80
80 1 81
81 1 82
82 1 83
83 1 84
84 1 85
85 1 86
86 1 87
87 1 88
88 1 89
89 1 90
90 1 91
91 1 92
92 1 93
93 1 94
94 1 95
95 1 96
96 1 97
97 1 98
98 1 99
99 1 100
100 1 101
101 1 102
102 1 103
103 1 104
104 1 105
105 1 106
106 1 107
107 1 108
108 1 109
109 1 110
110 1 111
111 1 112
112 1 113
113 1 114
114 1 115
115 1 116
116 1 117
117 1 118
118 1 119
119 1 120
120 1 121
121 1 122
122 1 123
123 1 124
124 1 125
125 1 126
126 1 127
127 1 128
128 1 129
129 1 130
130 1 131
131 1 132
132 1 133
133 1 134
134 1 135
135 1 136
136 1 137
137 1 138
138 1 139
139 1 140
140 1 141
141 1 142
142 1 143
143 1 144
144 1 145
145 1 146
146 1 147
147 1 148
148 1 149
149 1 150
150 1 151
151 1 152
152 1 153
153 1 154
154 1 155
155 1 156
156 1 157
157 1 158
158 1 159
159 1 160
160 1 161
161 1 162
162 1 163
163 1 164
164 1 165
165 1 166
166 1 167
167 1 168
168 1 169
169 1 170
170 1 171
171 1 172
172 1 173
173 1 174
174 1 175
175 1 176
176 1 177
177 1 178
178 1 179
179 1 180
180 1 181
181 1 182
182 1 183
183 1 184
184 1 185
185 1 186
186 1 187
187 1 188
188 1 189
189 1 190
190 1 191
191 1 192
192 1 193
193 1 194
194 1 195
195 1 196
196 1 197
197 1 198
198 1 199
199 1 200
200 1 201
201 1 202
202 1 203
203 1 204
204 1 205
205 1 206
206 1 207
207 1 208
208 1 209
209 1 210
210 1 211
211 1 212
212 1 213
213 1 214
214 1 215
215 1 216
216 1 217
217 1 218
218 1 219
219 1 220
220 1 221
221 1 222
222 1 223
223 1 224
224 1 225
225 1 226
226 1 227
227 1 228
228 1 229
229 1 230
230 1 231
231 1 232
232 1 233
233 1 234
234 1 235
235 1 236
236 1 237
237 1 238
238 1 239
239 1 240
240 1 241
241 1 242
242 1 243
243 1 244
244 1 245
245 1 246
246 1 247
247 1 248
248 1 249
249 1 250
250 1 251
251 1 252
252 1 253
253 1 254
254 1 255
255 1 256
256 1 257
257 1 258
258 1 259
259 1 260
260 1 261
261 1 262
262 1 263
263 1 264
264 1 265
265 1 266
266 1 267
267 1 268
268 1 269
269 1 270
270 1 271
271 1 272